300 5 25
30
1 0 1 25 2 3 2
2 2 3 27 3 3 3
3 1 4 30 4 4 4
4 1 4 25 2 3 3
5 0 7 27 3 2 4
6 2 9 27 5 2 3
7 0 10 24 5 3 5
8 0 11 25 4 4 4
9 1 12 28 3 5 3
10 0 14 31 3 5 4
11 2 14 33 3 4 4
12 2 16 35 4 5 3
13 1 16 27 1 5 3
14 0 17 28 3 6 3
15 1 18 29 4 4 3
16 1 19 30 5 3 3
17 2 20 31 4 3 2
18 0 21 27 3 4 3
19 0 21 29 4 5 4
20 1 22 31 3 3 3
21 0 23 29 2 2 3
22 2 24 29 3 4 4
23 0 25 28 4 5 2
24 1 26 31 5 3 3
25 0 28 33 2 5 2
26 0 29 31 2 3 2
27 1 30 31 3 5 1
28 0 30 31 3 4 2
29 1 32 32 4 3 3
30 2 32 32 5 2 2