200 3 14
50
1 0 1 10 2 4 2
2 1 1 12 5 4 5
3 0 1 15 5 3 1
4 2 1 21 3 2 3
5 1 1 16 4 4 4
6 0 1 17 4 2 5
7 0 1 13 3 3 2
8 1 1 13 3 4 4
9 2 1 16 4 4 4
10 1 2 16 4 4 4
11 1 10 14 3 2 3
12 0 10 16 4 3 4
13 0 10 17 5 2 1
14 1 10 18 3 4 2
15 2 10 18 3 4 2
16 0 25 22 2 4 3
17 0 28 23 5 2 3
18 2 28 11 2 4 4
19 1 30 19 2 3 4
20 1 31 16 4 3 2
21 2 33 16 2 2 2
22 0 35 15 3 3 3
23 1 36 17 4 2 4
24 2 37 22 4 4 1
25 1 40 23 5 2 2
26 1 42 24 2 2 1
27 0 44 23 3 2 3
28 1 46 15 2 3 2
29 2 48 17 2 3 3
30 2 49 14 2 2 5
31 0 50 12 3 3 2
32 2 51 11 5 3 1
33 0 51 12 3 2 3
34 0 53 10 2 4 2
35 1 53 17 3 4 3
36 0 57 21 3 2 3
37 2 58 20 4 2 4
38 2 58 19 2 3 2
39 1 59 17 5 3 1
40 1 60 12 3 4 1 
41 2 62 16 3 2 1
42 2 63 14 4 2 3
43 0 64 13 2 3 4
44 0 66 11 5 1 4
45 1 66 16 5 5 2
46 2 68 13 1 4 5
47 1 70 18 1 2 3
48 1 72 14 3 2 1
49 0 74 20 2 3 2
50 0 75 18 4 2 4