200 3 14
80
1 0 1 10 2 4 2
2 1 1 12 5 4 5
3 0 1 15 5 3 1
4 2 1 21 3 2 3
5 1 1 16 4 4 4
6 0 1 17 4 2 5
7 0 1 13 3 3 2
8 1 1 13 3 4 4
9 2 1 16 4 4 4
10 1 1 16 4 4 4
11 1 1 14 3 2 3
12 0 1 16 4 3 4
13 0 1 17 5 2 1
14 1 1 18 3 4 2
15 2 1 18 3 4 2
16 0 1 22 2 4 3
17 0 1 23 5 2 3
18 2 1 11 2 4 4
19 1 1 19 2 3 4
20 1 1 16 4 3 2
21 2 10 16 2 2 2
22 0 10 15 3 3 3
23 1 10 17 4 2 4
24 2 10 22 4 4 1
25 1 10 23 5 2 2
26 1 10 24 2 2 1
27 0 10 23 3 2 3
28 1 10 15 2 3 2
29 2 10 17 2 3 3
30 2 10 14 2 2 5
31 0 10 12 3 3 2
32 2 10 11 5 3 1
33 0 15 12 3 2 3
34 0 15 10 2 4 2
35 1 15 17 3 4 3
36 0 15 21 3 2 3
37 2 15 20 4 2 4
38 2 15 19 2 3 2
39 1 15 17 5 3 1
40 1 15 12 3 4 1 
41 2 15 16 3 2 1
42 2 15 14 4 2 3
43 0 15 13 2 3 4
44 0 15 11 5 1 4
45 1 15 16 5 5 2
46 2 15 13 1 4 5
47 1 15 18 1 2 3
48 1 15 14 3 2 1
49 0 15 20 2 3 2
50 0 15 18 4 2 4
51 1 20 16 4 3 2
52 2 20 16 2 2 2
53 0 20 15 3 3 3
54 1 20 17 4 2 4
55 2 20 22 4 4 1
56 1 20 23 5 2 2
57 1 20 24 2 2 1
58 0 20 23 3 2 3
59 1 20 15 2 3 2
60 2 20 17 2 3 3
61 2 20 14 2 2 5
62 0 20 12 3 3 2
63 2 20 11 5 3 1
64 0 25 12 3 2 3
65 0 25 10 2 4 2
66 1 25 17 3 4 3
67 0 25 21 3 2 3
68 2 25 20 4 2 4
69 2 25 19 2 3 2
70 1 25 17 5 3 1
71 1 25 12 3 4 1 
72 2 25 16 3 2 1
73 2 25 14 4 2 3
74 0 25 13 2 3 4
75 0 25 11 5 1 4
76 1 25 16 5 5 2
77 2 25 13 1 4 5
78 1 25 18 1 2 3
79 1 25 14 3 2 1
80 0 25 20 2 3 2
